MEMORY
  total             1.2 GB
  struct          159.1 KB
  buffer          165.2 KB
  arena             1.2 GB, used 0.0%

SIZES
  narena                1315962880
  nbuffer               169120
  nplugin               0
  maxuse_stack          4408
  maxuse_arena          30992
  maxuse_con            4
  maxuse_efc            16
  ncon                  4
  ne                    0
  nf                    0
  nl                    0
  nefc                  16
  nJ                    288
  nA                    0
  nisland               1
  nidof                 18
  threadpool            0

TIMER
    0:  duration =  0.067      number = 1
    1:  duration =  0.065      number = 1
    2:  duration =  0          number = 0
    3:  duration =  0.041      number = 1
    4:  duration =  0.0039     number = 1
    5:  duration =  0.0008     number = 1
    6:  duration =  0.0088     number = 1
    7:  duration =  0.0011     number = 1
    8:  duration =  0.0061     number = 1
    9:  duration =  0.0031     number = 1
    10:  duration =  0.022      number = 1
    11:  duration =  0.0088     number = 1
    12:  duration =  0.0002     number = 1
    13:  duration =  0.0049     number = 1
    14:  duration =  0.0072     number = 1

SOLVER STAT
  solver_fwdinv =   0         0       
  ISLAND 0
    solver_niter = 1
    solver_nnz = 324
      0:  improvement =  3.2e-09     gradient =  1.7e-16     lineslope =  0       
          nactive = 16   nchange = 0   neval = 2   nupdate = 0

ENERGY =   0         0       

TIME =  2.9     

QPOS
  -0.0046  
   0.0018  
   0.37    
   1       
  -0.0087  
   0.004   
   0.0016  
   0.0035  
   0.79    
  -1.6     
   0.018   
   0.78    
  -1.6     
   0.0077  
   0.78    
  -1.6     
   0.021   
   0.77    
  -1.6     

QVEL
  -0.0016  
   0.00072 
  -4.1e-06 
  -3.6e-05 
  -4.8e-05 
   0.0011  
  -0.0052  
  -0.0037  
  -0.0021  
  -0.00019 
  -0.004   
   6.7e-05 
  -0.0037  
  -0.004   
  -0.0014  
   0.0012  
  -0.0036  
  -0.00051 

QACC_WARMSTART
   1.8e-05 
  -1.6e-05 
  -2.2e-05 
   0.0058  
   0.0026  
  -3.7e-05 
  -0.0055  
  -0.0016  
  -0.0018  
  -0.0057  
   0.0014  
  -0.0076  
  -0.0058  
  -0.0062  
   0.0073  
  -0.0055  
  -0.0033  
   0.0016  

CTRL
  -2       
   0.16    
   4.8     
   2       
   0.13    
   4.4     
  -2       
   0.16    
   4.7     
   1.9     
   0.14    
   4.3     

QFRC_APPLIED
   0       
   0       
   0       
   0       
   0       
   0       
   0       
   0       
   0       
   0       
   0       
   0       
   0       
   0       
   0       
   0       
   0       
   0       

XFRC_APPLIED
   0         0         0         0         0         0       
   0         0         0         0         0         0       
   0         0         0         0         0         0       
   0         0         0         0         0         0       
   0         0         0         0         0         0       
   0         0         0         0         0         0       
   0         0         0         0         0         0       
   0         0         0         0         0         0       
   0         0         0         0         0         0       
   0         0         0         0         0         0       
   0         0         0         0         0         0       
   0         0         0         0         0         0       
   0         0         0         0         0         0       
   0         0         0         0         0         0       

QACC
   1.8e-05 
  -1.6e-05 
  -2.2e-05 
   0.0058  
   0.0026  
  -3.7e-05 
  -0.0055  
  -0.0016  
  -0.0018  
  -0.0057  
   0.0014  
  -0.0076  
  -0.0058  
  -0.0062  
   0.0073  
  -0.0055  
  -0.0033  
   0.0016  

SENSOR
   1       
  -0.0087  
   0.004   
   0.0016  
  -4.2e-05 
  -5.1e-05 
   0.0011  
  -0.079   
  -0.17    
   9.8     
   0.0035  
   0.79    
  -1.6     
   0.018   
   0.78    
  -1.6     
   0.0077  
   0.78    
  -1.6     
   0.021   
   0.77    
  -1.6     
  -0.0052  
  -0.0037  
  -0.0021  
  -0.00019 
  -0.004   
   7.5e-05 
  -0.0037  
  -0.0039  
  -0.0014  
   0.0012  
  -0.0036  
  -0.00051 
   26      
   24      
   26      
   24      

XPOS
   0         0         0       
  -0.0046    0.0018    0.37    
   0.24      0.054     0.37    
   0.23      0.14      0.37    
   0.056     0.13      0.19    
   0.24     -0.048     0.37    
   0.24     -0.13      0.37    
   0.058    -0.13      0.2     
  -0.24      0.052     0.37    
  -0.24      0.14      0.37    
  -0.42      0.13      0.2     
  -0.24     -0.05      0.38    
  -0.24     -0.13      0.37    
  -0.42     -0.13      0.2     

XQUAT
   1         0         0         0       
   1        -0.0087    0.004     0.0016  
   1        -0.0069    0.004     0.0016  
   0.92     -0.007     0.39     -0.0012  
   0.92     -0.0057   -0.4       0.0042  
   1         5.9e-05   0.004     0.0016  
   0.92     -0.00054   0.39      0.0015  
   0.92      0.00067  -0.4       0.0014  
   1        -0.0049    0.004     0.0016  
   0.92     -0.0051    0.38     -0.00039 
   0.92     -0.0038   -0.4       0.0034  
   1         0.002     0.004     0.0015  
   0.92      0.0013    0.38      0.0022  
   0.92      0.0025   -0.39      0.00061 

XMAT
   1         0         0         0         1         0         0         0         1       
   1        -0.0032    0.008     0.0031    1         0.017    -0.0081   -0.017     1       
   1        -0.0032    0.008     0.0031    1         0.014    -0.0081   -0.014     1       
   0.7      -0.0032    0.72     -0.0077    1         0.012    -0.72     -0.014     0.7     
   0.68     -0.0032   -0.73      0.012     1         0.0071    0.73     -0.014     0.68    
   1        -0.0031    0.0081    0.0031    1        -0.00011  -0.0081    0.00013   1       
   0.7      -0.0031    0.71      0.0023    1         0.0021   -0.71      0.00013   0.7     
   0.69     -0.0031   -0.73      0.002     1        -0.0023    0.73      0.00013   0.69    
   1        -0.0032    0.008     0.0031    1         0.0097   -0.0081   -0.0097    1       
   0.71     -0.0032    0.71     -0.0046    1         0.0091   -0.71     -0.0097    0.71    
   0.69     -0.0032   -0.73      0.0092    1         0.0043    0.73     -0.0097    0.69    
   1        -0.0031    0.0081    0.0031    1        -0.004    -0.0081    0.0041    1       
   0.71     -0.0031    0.7       0.005     1        -0.00072  -0.7       0.0041    0.71    
   0.69     -0.0031   -0.72     -0.00081   1        -0.005     0.72      0.0041    0.69    

XIPOS
   0         0         0       
   0.0038    0.0058    0.37    
   0.21      0.069     0.37    
   0.2       0.13      0.34    
   0.18      0.13      0.082   
   0.21     -0.064     0.37    
   0.2      -0.13      0.34    
   0.18     -0.13      0.083   
  -0.22      0.067     0.37    
  -0.28      0.13      0.34    
  -0.3       0.13      0.083   
  -0.22     -0.065     0.37    
  -0.28     -0.13      0.34    
  -0.3      -0.13      0.084   

XIMAT
   1         0         0         0         1         0         0         0         1       
   0.011     0.0068    1         0.021    -1         0.0066    1         0.021    -0.012   
   0.0076    0.039     1         0.011    -1         0.039     1         0.011    -0.0081  
   0.023    -0.76      0.65      1         0.04      0.011    -0.034     0.65      0.76    
  -0.0023   -0.69     -0.72      1        -0.011     0.0075   -0.013    -0.72      0.69    
   0.0077   -0.033     1         0.0024   -1        -0.033     1         0.0027   -0.0076  
  -0.03     -0.76      0.64      1        -0.036     0.0037    0.02      0.64      0.76    
  -0.0022   -0.7      -0.72      1        -0.001    -0.0021    0.00073  -0.72      0.7     
   0.0084   -0.033     1         0.0072   -1        -0.033     1         0.0075   -0.0082  
   0.024    -0.77      0.64      1         0.037     0.0077   -0.03      0.64      0.77    
  -0.0023   -0.7      -0.72      1        -0.0081    0.0047   -0.0091   -0.72      0.7     
   0.0085    0.039     1        -0.0015   -1         0.039     1        -0.0018   -0.0084  
  -0.03     -0.77      0.64      1        -0.038     0.00058   0.024     0.64      0.77    
  -0.0022   -0.7      -0.71      1         0.0018   -0.0048    0.0047   -0.71      0.7     

XANCHOR
  -0.0046    0.0018    0.37    
   0.24      0.054     0.37    
   0.23      0.14      0.37    
   0.056     0.13      0.19    
   0.24     -0.048     0.37    
   0.24     -0.13      0.37    
   0.058    -0.13      0.2     
  -0.24      0.052     0.37    
  -0.24      0.14      0.37    
  -0.42      0.13      0.2     
  -0.24     -0.05      0.38    
  -0.24     -0.13      0.37    
  -0.42     -0.13      0.2     

XAXIS
   0         0         1       
   1         0.0031   -0.0081  
  -0.0032    1        -0.014   
  -0.0032    1        -0.014   
   1         0.0031   -0.0081  
  -0.0031    1         0.00013 
  -0.0031    1         0.00013 
   1         0.0031   -0.0081  
  -0.0032    1        -0.0097  
  -0.0032    1        -0.0097  
   1         0.0031   -0.0081  
  -0.0031    1         0.0041  
  -0.0031    1         0.0041  

GEOM_XPOS
   0         0         0       
   0.045     0.0019    0.37    
  -0.0046    0.0018    0.37    
  -0.0046    0.0018    0.37    
  -0.0046    0.0018    0.37    
   0.22      0.063     0.37    
   0.23      0.14      0.37    
   0.17      0.13      0.32    
   0.15      0.14      0.28    
   0.17      0.13      0.095   
   0.15      0.13      0.11    
   0.24      0.13      0.024   
   0.24      0.13      0.024   
   0.22     -0.058     0.37    
   0.24     -0.13      0.37    
   0.17     -0.13      0.32    
   0.15     -0.13      0.28    
   0.17     -0.13      0.096   
   0.15     -0.13      0.11    
   0.24     -0.13      0.024   
   0.24     -0.13      0.024   
  -0.22      0.062     0.37    
  -0.24      0.14      0.37    
  -0.31      0.13      0.32    
  -0.33      0.13      0.28    
  -0.31      0.13      0.096   
  -0.33      0.13      0.11    
  -0.24      0.13      0.024   
  -0.24      0.13      0.024   
  -0.22     -0.059     0.38    
  -0.24     -0.13      0.37    
  -0.31     -0.13      0.33    
  -0.33     -0.13      0.29    
  -0.31     -0.13      0.097   
  -0.33     -0.13      0.11    
  -0.24     -0.13      0.024   
  -0.24     -0.13      0.024   

GEOM_XMAT
   1         0         0         0         1         0         0         0         1       
   0.011     0.0033    1         0.018    -1         0.0031    1         0.017    -0.011   
   1        -0.0032    0.008     0.0031    1         0.017    -0.0081   -0.017     1       
   1        -0.0032    0.008     0.0031    1         0.017    -0.0081   -0.017     1       
   1        -0.0032    0.008     0.0031    1         0.017    -0.0081   -0.017     1       
   0.0081    0.44      0.9       0.014    -0.9       0.44      1         0.0089   -0.013   
   1         0.008     0.0032    0.0031    0.014    -1        -0.0081    1         0.014   
   0.016    -0.64      0.77      1         0.019    -0.0054   -0.011     0.77      0.64    
  -0.72     -0.0032    0.7      -0.012     1        -0.0077   -0.7      -0.014    -0.72    
  -0.0032   -0.68     -0.73      1        -0.012     0.007    -0.014    -0.73      0.68    
   0.73     -0.0032    0.68     -0.0071    1         0.012    -0.68     -0.014     0.73    
   0.68     -0.0032   -0.73      0.012     1         0.0071    0.73     -0.014     0.68    
   0.68     -0.0032   -0.73      0.012     1         0.0071    0.73     -0.014     0.68    
  -0.008     0.44      0.9       8.6e-05   0.9      -0.44     -1        -0.0034   -0.0072  
   1         0.0081    0.0031    0.0031   -0.00011  -1        -0.0081    1        -0.00013 
  -0.023    -0.65      0.76      1        -0.012     0.019    -0.0029    0.76      0.65    
  -0.71     -0.0031    0.7      -0.0021    1         0.0023   -0.7       0.00013  -0.71    
  -0.0031   -0.69     -0.73      1        -0.002    -0.0024    0.00013  -0.73      0.69    
   0.73     -0.0031    0.69      0.0023    1         0.002    -0.69      0.00013   0.73    
   0.69     -0.0031   -0.73      0.002     1        -0.0023    0.73      0.00013   0.69    
   0.69     -0.0031   -0.73      0.002     1        -0.0023    0.73      0.00013   0.69    
  -0.0081   -0.44     -0.9      -0.0097   -0.9       0.44     -1         0.012     0.003   
   1         0.008     0.0032    0.0031    0.0097   -1        -0.0081    1         0.0097  
   0.016    -0.65      0.76      1         0.016    -0.0081   -0.0066    0.76      0.65    
  -0.71     -0.0032    0.71     -0.0091    1        -0.0046   -0.71     -0.0097   -0.71    
  -0.0032   -0.69     -0.73      1        -0.0092    0.0043   -0.0097   -0.73      0.69    
   0.73     -0.0032    0.69     -0.0043    1         0.0092   -0.69     -0.0097    0.73    
   0.69     -0.0032   -0.73      0.0092    1         0.0043    0.73     -0.0097    0.69    
   0.69     -0.0032   -0.73      0.0092    1         0.0043    0.73     -0.0097    0.69    
   0.008    -0.44     -0.9      -0.0041    0.9      -0.44      1         0.0072    0.0054  
   1         0.0081    0.0031    0.0031   -0.004    -1        -0.0081    1        -0.0041  
  -0.022    -0.65      0.76      1        -0.015     0.016     0.00086   0.76      0.65    
  -0.7      -0.0031    0.71      0.00072   1         0.005    -0.71      0.0041   -0.7     
  -0.0031   -0.69     -0.72      1         0.00081  -0.005     0.0041   -0.72      0.69    
   0.72     -0.0031    0.69      0.005     1        -0.00081  -0.69      0.0041    0.72    
   0.69     -0.0031   -0.72     -0.00081   1        -0.005     0.72      0.0041    0.69    
   0.69     -0.0031   -0.72     -0.00081   1        -0.005     0.72      0.0041    0.69    

SITE_XPOS
  -0.0046    0.0018    0.37    
   0.24      0.13      0.024   
   0.24     -0.13      0.024   
  -0.24      0.13      0.024   
  -0.24     -0.13      0.024   

SITE_XMAT
   1        -0.0032    0.008     0.0031    1         0.017    -0.0081   -0.017     1       
   0.68     -0.0032   -0.73      0.012     1         0.0071    0.73     -0.014     0.68    
   0.69     -0.0031   -0.73      0.002     1        -0.0023    0.73      0.00013   0.69    
   0.69     -0.0032   -0.73      0.0092    1         0.0043    0.73     -0.0097    0.69    
   0.69     -0.0031   -0.72     -0.00081   1        -0.005     0.72      0.0041    0.69    

CAM_XPOS
  -0.006    -2.3       1.4     

CAM_XMAT
   1         0         0         0         0.71     -0.71      0         0.71      0.71    

LIGHT_XPOS
   0         0         10      

LIGHT_XDIR
   0         0        -1       

SUBTREE_COM
   0.0013    0.0053    0.37    
   0.0013    0.0053    0.37    
   0.21      0.088     0.34    
   0.19      0.13      0.26    
   0.18      0.13      0.082   
   0.21     -0.084     0.34    
   0.19     -0.13      0.27    
   0.18     -0.13      0.083   
  -0.24      0.087     0.34    
  -0.29      0.13      0.27    
  -0.3       0.13      0.083   
  -0.24     -0.085     0.34    
  -0.29     -0.13      0.27    
  -0.3      -0.13      0.084   

CDOF
   0         0         0         1         0         0       
   0         0         0         0         1         0       
   0         0         0         0         0         1       
   1         0.0031   -0.0081    1.5e-05   0.0046    0.0036  
  -0.0032    1        -0.017    -0.0045   -0.00012  -0.006   
   0.008     0.017     1        -0.0037    0.006    -7.5e-05 
   1         0.0031   -0.0081   -0.00039   0.0037   -0.047   
  -0.0032    1        -0.014    -0.0024    0.0032    0.23    
  -0.0032    1        -0.014     0.17      0.0013    0.055   
   1         0.0031   -0.0081    0.00042   0.0054    0.055   
  -0.0031    1         0.00013  -0.0036   -4.2e-05   0.23    
  -0.0031    1         0.00013   0.17      0.00053   0.056   
   1         0.0031   -0.0081   -0.00039   0.0037   -0.047   
  -0.0032    1        -0.0097   -0.0061   -0.0024   -0.25    
  -0.0032    1        -0.0097    0.17     -0.0036   -0.42    
   1         0.0031   -0.0081    0.00042   0.0054    0.055   
  -0.0031    1         0.0041   -0.0076    0.00098  -0.25    
  -0.0031    1         0.0041    0.17      0.0022   -0.42    

CINERT
   0         0         0         0         0         0         0         0         0         0       
   0.034     0.16      0.17     -0.00085   0.0016    0.00028   0.023     0.0044    0.033     9       
   0.0037    0.014     0.015    -0.0027   -5.2e-05  -1.4e-05   0.042     0.013     0.00035   0.2     
   0.0045    0.0083    0.0061   -0.0016   -0.0023    0.00019   0.012     0.0081   -0.0018    0.064   
   0.0059    0.0099    0.0049   -0.00057   0.0048    0.00093   0.0048    0.0034   -0.0076    0.027   
   0.0039    0.014     0.015     0.003    -0.00014   5.2e-05   0.042    -0.014     0.00074   0.2     
   0.0046    0.0083    0.0062    0.0017   -0.0023   -0.00024   0.013    -0.0085   -0.0017    0.064   
   0.006     0.0099    0.0049    0.00064   0.0048   -0.001     0.0048   -0.0037   -0.0076    0.027   
   0.0037    0.015     0.016     0.0028    0.00026  -6.1e-05  -0.045     0.012     0.0011    0.2     
   0.0046    0.011     0.0087    0.0023   -0.0031    0.00017  -0.018     0.008    -0.0016    0.064   
   0.006     0.011     0.0064    0.001     0.0011    0.00094  -0.008     0.0034   -0.0076    0.027   
   0.0039    0.015     0.017    -0.0032    0.00034   0.0001   -0.045    -0.014     0.0014    0.2     
   0.0047    0.011     0.0088   -0.0024   -0.0031   -0.0002   -0.018    -0.0086   -0.0015    0.064   
   0.0061    0.011     0.0064   -0.0011    0.0011   -0.001    -0.008    -0.0037   -0.0076    0.027   

ACTUATOR_LENGTH
   0.0035  
   0.79    
  -1.6     
   0.018   
   0.78    
  -1.6     
   0.0077  
   0.78    
  -1.6     
   0.021   
   0.77    
  -1.6     

actuator_moment
--------------------
       x            |
        x           |
         x          |
          x         |
           x        |
            x       |
             x      |
              x     |
               x    |
                x   |
                 x  |
                  x |
--------------------

ACTUATOR_MOMENT
     6:  1       
     7:  1       
     8:  1       
     9:  1       
    10:  1       
    11:  1       
    12:  1       
    13:  1       
    14:  1       
    15:  1       
    16:  1       
    17:  1       

CRB
   0         0         0         0         0         0         0         0         0         0       
   0.091     0.3       0.29     -0.0012    0.003     9.7e-05   2.8e-17  -1e-17     1.4e-17   10      
   0.014     0.032     0.026    -0.0049    0.0024    0.0011    0.059     0.024    -0.0091    0.29    
   0.01      0.018     0.011    -0.0022    0.0025    0.0011    0.017     0.011    -0.0095    0.091   
   0.0059    0.0099    0.0049   -0.00057   0.0048    0.00093   0.0048    0.0034   -0.0076    0.027   
   0.015     0.032     0.027     0.0053    0.0023   -0.0012    0.06     -0.026    -0.0085    0.29    
   0.011     0.018     0.011     0.0023    0.0025   -0.0013    0.017    -0.012    -0.0093    0.091   
   0.006     0.0099    0.0049    0.00064   0.0048   -0.001     0.0048   -0.0037   -0.0076    0.027   
   0.014     0.037     0.031     0.0061   -0.0017    0.001    -0.071     0.024    -0.0082    0.29    
   0.011     0.023     0.015     0.0033   -0.002     0.0011   -0.026     0.011    -0.0092    0.091   
   0.006     0.011     0.0064    0.001     0.0011    0.00094  -0.008     0.0034   -0.0076    0.027   
   0.015     0.037     0.032    -0.0068   -0.0016   -0.0011   -0.071    -0.026    -0.0076    0.29    
   0.011     0.022     0.015    -0.0036   -0.0019   -0.0012   -0.026    -0.012    -0.0091    0.091   
   0.0061    0.011     0.0064   -0.0011    0.0011   -0.001    -0.008    -0.0037   -0.0076    0.027   

QM
   10      
   0         10      
   0         0         10      
   0.00015   0.046     0.036     0.1     
  -0.046    -0.0012   -0.061    -0.00075   0.31    
  -0.037     0.061    -0.00077   0.0017    0.00042   0.3     
   5.2e-05   0.0097    0.01      0.013    -0.0022    0.0026    0.023   
  -0.0095    2.4e-05   0.0039    0.00052   0.014     0.0013    0.00032   0.025   
  -0.003    -5.5e-05  -0.0033   -0.00045   0.0084    0.00042  -0.00028   0.0076    0.018   
  -0.00011   0.0096   -0.01      0.013     0.0021    0.0026                                  0.023   
  -0.0096   -3e-05     0.0039   -0.00051   0.014    -0.001                                  -0.00032   0.025   
  -0.003    -8.9e-06  -0.0033    0.00044   0.0084   -0.00025                                 0.00028   0.0076    0.018   
   5.2e-05   0.0098    0.01      0.013     0.0028   -0.002                                                                 0.023   
  -0.0097    6.9e-06   0.0039    0.00051   0.016     0.0014                                                                0.00032   0.025   
  -0.003    -4.1e-05  -0.0033   -0.00044   0.0068    0.00045                                                              -0.00027   0.0076    0.018   
  -0.00011   0.0098   -0.01      0.013    -0.0027   -0.0021                                                                                              0.023   
  -0.0097   -4.6e-05   0.0039   -0.00051   0.016    -0.00096                                                                                            -0.00031   0.025   
  -0.003     3.9e-06  -0.0032    0.00044   0.0068   -0.00026                                                                                             0.00027   0.0076    0.018   

M
     0:  10      
     0:  0          1:  10      
     0:  0          1:  0          2:  10      
     0:  0.00015    1:  0.046      2:  0.036      3:  0.1     
     0: -0.046      1: -0.0012     2: -0.061      3: -0.00075    4:  0.31    
     0: -0.037      1:  0.061      2: -0.00077    3:  0.0017     4:  0.00042    5:  0.3     
     0:  5.2e-05    1:  0.0097     2:  0.01       3:  0.013      4: -0.0022     5:  0.0026     6:  0.023   
     0: -0.0095     1:  2.4e-05    2:  0.0039     3:  0.00052    4:  0.014      5:  0.0013     6:  0.00032    7:  0.025   
     0: -0.003      1: -5.5e-05    2: -0.0033     3: -0.00045    4:  0.0084     5:  0.00042    6: -0.00028    7:  0.0076     8:  0.018   
     0: -0.00011    1:  0.0096     2: -0.01       3:  0.013      4:  0.0021     5:  0.0026     9:  0.023   
     0: -0.0096     1: -3e-05      2:  0.0039     3: -0.00051    4:  0.014      5: -0.001      9: -0.00032   10:  0.025   
     0: -0.003      1: -8.9e-06    2: -0.0033     3:  0.00044    4:  0.0084     5: -0.00025    9:  0.00028   10:  0.0076    11:  0.018   
     0:  5.2e-05    1:  0.0098     2:  0.01       3:  0.013      4:  0.0028     5: -0.002     12:  0.023   
     0: -0.0097     1:  6.9e-06    2:  0.0039     3:  0.00051    4:  0.016      5:  0.0014    12:  0.00032   13:  0.025   
     0: -0.003      1: -4.1e-05    2: -0.0033     3: -0.00044    4:  0.0068     5:  0.00045   12: -0.00027   13:  0.0076    14:  0.018   
     0: -0.00011    1:  0.0098     2: -0.01       3:  0.013      4: -0.0027     5: -0.0021    15:  0.023   
     0: -0.0097     1: -4.6e-05    2:  0.0039     3: -0.00051    4:  0.016      5: -0.00096   15: -0.00031   16:  0.025   
     0: -0.003      1:  3.9e-06    2: -0.0032     3:  0.00044    4:  0.0068     5: -0.00026   15:  0.00027   16:  0.0076    17:  0.018   

QLD
     0:  10      
     0:  0.00072    1:  10      
     0: -4.7e-05    1: -0.0012     2:  10      
     0:  0.0039     1:  0.33       2:  0.51       3:  0.071   
     0: -0.085      1: -0.0042     2: -0.25       3: -0.0028     4:  0.27    
     0: -0.12       1:  0.2        2: -0.0028     3:  0.0032     4: -0.00025    5:  0.3     
     0:  0.0076     1:  0.43       2:  0.44       3:  0.58       4: -0.1        5:  0.11       6:  0.023   
     0: -0.38       1:  0.0022     2:  0.24       3:  0.032      4:  0.49       5:  0.052      6:  0.02       7:  0.022   
     0: -0.17       1: -0.0031     2: -0.19       3: -0.025      4:  0.47       5:  0.024      6: -0.016      7:  0.43       8:  0.018   
     0: -0.01       1:  0.43       2: -0.45       3:  0.58       4:  0.097      5:  0.12       9:  0.023   
     0: -0.38       1: -0.0012     2:  0.24       3: -0.032      4:  0.49       5: -0.042      9: -0.02      10:  0.022   
     0: -0.17       1: -0.0005     2: -0.19       3:  0.025      4:  0.48       5: -0.014      9:  0.016     10:  0.43      11:  0.018   
     0:  0.0075     1:  0.43       2:  0.44       3:  0.58       4:  0.12       5: -0.089     12:  0.023   
     0: -0.38       1:  0.0011     2:  0.24       3:  0.032      4:  0.6        5:  0.056     12:  0.02      13:  0.022   
     0: -0.17       1: -0.0023     2: -0.19       3: -0.025      4:  0.39       5:  0.026     12: -0.015     13:  0.43      14:  0.018   
     0: -0.01       1:  0.43       2: -0.44       3:  0.58       4: -0.11       5: -0.092     15:  0.023   
     0: -0.38       1: -0.0022     2:  0.24       3: -0.032      4:  0.6        5: -0.038     15: -0.02      16:  0.022   
     0: -0.17       1:  0.00022    2: -0.18       3:  0.025      4:  0.39       5: -0.015     15:  0.015     16:  0.43      17:  0.018   

QLDIAGINV
   0.098   
   0.098   
   0.099   
   14      
   3.7     
   3.3     
   44      
   46      
   57      
   44      
   46      
   57      
   44      
   46      
   57      
   44      
   46      
   57      

M: inertia structure
--------------------
 x                  |
 xx                 |
 xxx                |
 xxxx               |
 xxxxx              |
 xxxxxx             |
 xxxxxxx            |
 xxxxxxxx           |
 xxxxxxxxx          |
 xxxxxx   x         |
 xxxxxx   xx        |
 xxxxxx   xxx       |
 xxxxxx      x      |
 xxxxxx      xx     |
 xxxxxx      xxx    |
 xxxxxx         x   |
 xxxxxx         xx  |
 xxxxxx         xxx |
--------------------

iM: block-diagonal inertia (nnzs are island ids)
--------------------
 0                  |
 00                 |
 000                |
 0000               |
 00000              |
 000000             |
 0000000            |
 00000000           |
 000000000          |
 000000   0         |
 000000   00        |
 000000   000       |
 000000      0      |
 000000      00     |
 000000      000    |
 000000         0   |
 000000         00  |
 000000         000 |
--------------------

QH
     0:  10      
     0:  0.00072    1:  10      
     0: -4.7e-05    1: -0.0012     2:  10      
     0:  0.0039     1:  0.33       2:  0.51       3:  0.071   
     0: -0.085      1: -0.0042     2: -0.25       3: -0.0028     4:  0.27    
     0: -0.12       1:  0.2        2: -0.0028     3:  0.0032     4: -0.00025    5:  0.3     
     0:  0.0076     1:  0.43       2:  0.44       3:  0.58       4: -0.1        5:  0.11       6:  0.023   
     0: -0.38       1:  0.0022     2:  0.24       3:  0.032      4:  0.49       5:  0.052      6:  0.02       7:  0.022   
     0: -0.17       1: -0.0031     2: -0.19       3: -0.025      4:  0.47       5:  0.024      6: -0.016      7:  0.43       8:  0.018   
     0: -0.01       1:  0.43       2: -0.45       3:  0.58       4:  0.097      5:  0.12       9:  0.023   
     0: -0.38       1: -0.0012     2:  0.24       3: -0.032      4:  0.49       5: -0.042      9: -0.02      10:  0.022   
     0: -0.17       1: -0.0005     2: -0.19       3:  0.025      4:  0.48       5: -0.014      9:  0.016     10:  0.43      11:  0.018   
     0:  0.0075     1:  0.43       2:  0.44       3:  0.58       4:  0.12       5: -0.089     12:  0.023   
     0: -0.38       1:  0.0011     2:  0.24       3:  0.032      4:  0.6        5:  0.056     12:  0.02      13:  0.022   
     0: -0.17       1: -0.0023     2: -0.19       3: -0.025      4:  0.39       5:  0.026     12: -0.015     13:  0.43      14:  0.018   
     0: -0.01       1:  0.43       2: -0.44       3:  0.58       4: -0.11       5: -0.092     15:  0.023   
     0: -0.38       1: -0.0022     2:  0.24       3: -0.032      4:  0.6        5: -0.038     15: -0.02      16:  0.022   
     0: -0.17       1:  0.00022    2: -0.18       3:  0.025      4:  0.39       5: -0.015     15:  0.015     16:  0.43      17:  0.018   

QHDIAGINV
   0.098   
   0.098   
   0.099   
   14      
   3.7     
   3.3     
   44      
   46      
   57      
   44      
   46      
   57      
   44      
   46      
   57      
   44      
   46      
   57      

CONTACT
  0:
     dim           3
     geoms         floor : 12
     exclude       0
     efc_address   0
     solref         0.02      1       
     solimp         0.9       0.95      0.001     0.5       2       
     dist          -0.0013  
     includemargin  0.001   
     pos            0.24      0.13     -0.00065 
     frame          0         0         1         0         1         0        -1         0         0       
     friction       1         1         0.3       0.3       0.3     
     mu             1       
     force          26        0.21      0.0021    0         0         0       
  1:
     dim           3
     geoms         floor : 20
     exclude       0
     efc_address   4
     solref         0.02      1       
     solimp         0.9       0.95      0.001     0.5       2       
     dist          -0.0011  
     includemargin  0.001   
     pos            0.24     -0.13     -0.00056 
     frame          0         0         1         0         1         0        -1         0         0       
     friction       1         1         0.3       0.3       0.3     
     mu             1       
     force          24       -0.21      8.5e-05   0         0         0       
  2:
     dim           3
     geoms         floor : 28
     exclude       0
     efc_address   8
     solref         0.02      1       
     solimp         0.9       0.95      0.001     0.5       2       
     dist          -0.0013  
     includemargin  0.001   
     pos           -0.24      0.13     -0.00064 
     frame          0         0         1         0         1         0        -1         0         0       
     friction       1         1         0.3       0.3       0.3     
     mu             1       
     force          26        0.21     -0.00037   0         0         0       
  3:
     dim           3
     geoms         floor : 36
     exclude       0
     efc_address   12
     solref         0.02      1       
     solimp         0.9       0.95      0.001     0.5       2       
     dist          -0.0011  
     includemargin  0.001   
     pos           -0.24     -0.13     -0.00055 
     frame          0         0         1         0         1         0        -1         0         0       
     friction       1         1         0.3       0.3       0.3     
     mu             1       
     force          24       -0.21     -0.002     0         0         0       

EFC_TYPE
  6
  6
  6
  6
  6
  6
  6
  6
  6
  6
  6
  6
  6
  6
  6
  6

EFC_ID
  0
  0
  0
  0
  1
  1
  1
  1
  2
  2
  2
  2
  3
  3
  3
  3

EFC_J
   0         1         1         0.5      -0.25      0.24      0.45     -0.0057   -0.19      0         0         0         0         0         0         0         0         0       
   0        -1         1        -0.24     -0.24     -0.25     -0.29     -0.0032   -0.18      0         0         0         0         0         0         0         0         0       
  -1         0         1         0.13      0.13      0.13      0.079     0.36      0.011     0         0         0         0         0         0         0         0         0       
   1         0         1         0.13     -0.62     -0.14      0.078    -0.37     -0.38      0         0         0         0         0         0         0         0         0       
   0         1         1         0.24     -0.25      0.24      0         0         0         0.29     -0.005    -0.18      0         0         0         0         0         0       
   0        -1         1        -0.5      -0.24     -0.25      0         0         0        -0.45     -0.0027   -0.18      0         0         0         0         0         0       
  -1         0         1        -0.13      0.13     -0.13      0         0         0        -0.081     0.37      0.014     0         0         0         0         0         0       
   1         0         1        -0.14     -0.62      0.12      0         0         0        -0.085    -0.38     -0.38      0         0         0         0         0         0       
   0         1         1         0.51      0.24     -0.23      0         0         0         0         0         0         0.45     -0.006    -0.18      0         0         0       
   0        -1         1        -0.24      0.23      0.24      0         0         0         0         0         0        -0.29     -0.0035   -0.18      0         0         0       
  -1         0         1         0.13      0.61      0.14      0         0         0         0         0         0         0.08      0.37      0.015     0         0         0       
   1         0         1         0.13     -0.14     -0.13      0         0         0         0         0         0         0.079    -0.38     -0.38      0         0         0       
   0         1         1         0.24      0.24     -0.23      0         0         0         0         0         0         0         0         0         0.29     -0.0052   -0.18    
   0        -1         1        -0.51      0.23      0.24      0         0         0         0         0         0         0         0         0        -0.46     -0.0029   -0.18    
  -1         0         1        -0.13      0.61     -0.12      0         0         0         0         0         0         0         0         0        -0.08      0.37      0.018   
   1         0         1        -0.13     -0.14      0.13      0         0         0         0         0         0         0         0         0        -0.083    -0.38     -0.38    

IEFC_J
   0         1         1         0.5      -0.25      0.24      0.45     -0.0057   -0.19      0         0         0         0         0         0         0         0         0       
   0        -1         1        -0.24     -0.24     -0.25     -0.29     -0.0032   -0.18      0         0         0         0         0         0         0         0         0       
  -1         0         1         0.13      0.13      0.13      0.079     0.36      0.011     0         0         0         0         0         0         0         0         0       
   1         0         1         0.13     -0.62     -0.14      0.078    -0.37     -0.38      0         0         0         0         0         0         0         0         0       
   0         1         1         0.24     -0.25      0.24      0         0         0         0.29     -0.005    -0.18      0         0         0         0         0         0       
   0        -1         1        -0.5      -0.24     -0.25      0         0         0        -0.45     -0.0027   -0.18      0         0         0         0         0         0       
  -1         0         1        -0.13      0.13     -0.13      0         0         0        -0.081     0.37      0.014     0         0         0         0         0         0       
   1         0         1        -0.14     -0.62      0.12      0         0         0        -0.085    -0.38     -0.38      0         0         0         0         0         0       
   0         1         1         0.51      0.24     -0.23      0         0         0         0         0         0         0.45     -0.006    -0.18      0         0         0       
   0        -1         1        -0.24      0.23      0.24      0         0         0         0         0         0        -0.29     -0.0035   -0.18      0         0         0       
  -1         0         1         0.13      0.61      0.14      0         0         0         0         0         0         0.08      0.37      0.015     0         0         0       
   1         0         1         0.13     -0.14     -0.13      0         0         0         0         0         0         0.079    -0.38     -0.38      0         0         0       
   0         1         1         0.24      0.24     -0.23      0         0         0         0         0         0         0         0         0         0.29     -0.0052   -0.18    
   0        -1         1        -0.51      0.23      0.24      0         0         0         0         0         0         0         0         0        -0.46     -0.0029   -0.18    
  -1         0         1        -0.13      0.61     -0.12      0         0         0         0         0         0         0         0         0        -0.08      0.37      0.018   
   1         0         1        -0.13     -0.14      0.13      0         0         0         0         0         0         0         0         0        -0.083    -0.38     -0.38    

EFC_POS
  -0.0013  
  -0.0013  
  -0.0013  
  -0.0013  
  -0.0011  
  -0.0011  
  -0.0011  
  -0.0011  
  -0.0013  
  -0.0013  
  -0.0013  
  -0.0013  
  -0.0011  
  -0.0011  
  -0.0011  
  -0.0011  

EFC_MARGIN
   0.001   
   0.001   
   0.001   
   0.001   
   0.001   
   0.001   
   0.001   
   0.001   
   0.001   
   0.001   
   0.001   
   0.001   
   0.001   
   0.001   
   0.001   
   0.001   

EFC_FRICTIONLOSS
   0       
   0       
   0       
   0       
   0       
   0       
   0       
   0       
   0       
   0       
   0       
   0       
   0       
   0       
   0       
   0       

EFC_DIAGAPPROX
   18      
   18      
   18      
   18      
   18      
   18      
   18      
   18      
   18      
   18      
   18      
   18      
   18      
   18      
   18      
   18      

EFC_KBIP
   2.8e+03   1.1e+02   0.95      0       
   2.8e+03   1.1e+02   0.95      0       
   2.8e+03   1.1e+02   0.95      0       
   2.8e+03   1.1e+02   0.95      0       
   2.8e+03   1.1e+02   0.95      0       
   2.8e+03   1.1e+02   0.95      0       
   2.8e+03   1.1e+02   0.95      0       
   2.8e+03   1.1e+02   0.95      0       
   2.8e+03   1.1e+02   0.95      0       
   2.8e+03   1.1e+02   0.95      0       
   2.8e+03   1.1e+02   0.95      0       
   2.8e+03   1.1e+02   0.95      0       
   2.8e+03   1.1e+02   0.95      0       
   2.8e+03   1.1e+02   0.95      0       
   2.8e+03   1.1e+02   0.95      0       
   2.8e+03   1.1e+02   0.95      0       

EFC_D
   1.1     
   1.1     
   1.1     
   1.1     
   1.1     
   1.1     
   1.1     
   1.1     
   1.1     
   1.1     
   1.1     
   1.1     
   1.1     
   1.1     
   1.1     
   1.1     

EFC_R
   0.92    
   0.92    
   0.92    
   0.92    
   0.92    
   0.92    
   0.92    
   0.92    
   0.93    
   0.93    
   0.93    
   0.93    
   0.93    
   0.93    
   0.93    
   0.93    

ACTUATOR_VELOCITY
  -0.0052  
  -0.0037  
  -0.0021  
  -0.00019 
  -0.004   
   7.5e-05 
  -0.0037  
  -0.0039  
  -0.0014  
   0.0012  
  -0.0036  
  -0.00051 

CVEL
   0         0         0         0         0         0       
  -3.3e-05  -3.1e-05   0.0011   -0.0016    0.00073  -4e-06   
  -0.0052   -4.7e-05   0.0012   -0.0016    0.00071   0.00024 
  -0.0052   -0.0037    0.0012   -0.0016    0.0007   -0.00062 
  -0.0052   -0.0058    0.0013   -0.002     0.0007   -0.00073 
  -0.00022  -3.1e-05   0.0011   -0.0016    0.00073  -1.4e-05 
  -0.00021  -0.004     0.0011   -0.0016    0.00073  -0.00094 
  -0.00021  -0.0039    0.0011   -0.0016    0.00073  -0.00094 
  -0.0037   -4.2e-05   0.0012   -0.0016    0.00072   0.00017 
  -0.0037   -0.004     0.0012   -0.0016    0.00073   0.0011  
  -0.0037   -0.0054    0.0012   -0.0019    0.00073   0.0018  
   0.0012   -2.7e-05   0.0011   -0.0016    0.00074   6.4e-05 
   0.0012   -0.0036    0.0011   -0.0016    0.00073   0.00095 
   0.0012   -0.0041    0.0011   -0.0017    0.00073   0.0012  

CDOF_DOT
   0         0         0         0         0         0       
   0         0         0         0         0         0       
   0         0         0         0         0         0       
  -0         0         0        -5.8e-06  -1.7e-05  -0.00073 
  -0         0         0        -8.5e-06  -2.8e-05  -0.0016  
   0         0         0         0.00072   0.0016   -3.4e-05 
  -3.3e-06   0.0011    3.1e-05  -8.6e-06  -1.9e-05  -0.00073 
  -0.0012   -7.6e-05  -0.0052   -0.00027   0.0012   -0.0016  
  -0.0012   -7.6e-05  -0.0052    0.0004    0.00048  -0.00098 
  -3.3e-06   0.0011    3.1e-05  -1.4e-05  -1.5e-05  -0.00073 
  -0.0011   -3.5e-06  -0.00022   6.9e-06   4.7e-05  -0.0016  
  -0.0011   -3.5e-06  -0.00022   0.00072   0.00021  -0.00092 
  -3.3e-06   0.0011    3.1e-05  -8.6e-06  -1.9e-05  -0.00073 
  -0.0012   -3.9e-05  -0.0037   -0.00016  -0.00093  -0.0016  
  -0.0012   -3.9e-05  -0.0037    0.00054  -0.0014   -0.00091 
  -3.3e-06   0.0011    3.1e-05  -1.4e-05  -1.5e-05  -0.00073 
  -0.0011   -8.4e-06   0.0012   -5.5e-05   0.00029  -0.0016  
  -0.0011   -8.4e-06   0.0012    0.00058   0.00071  -0.00098 

QFRC_BIAS
   2.1e-07 
  -2.1e-07 
   1e+02   
   0.36    
  -0.6     
  -0.0075  
   0.1     
   0.039   
  -0.032   
  -0.1     
   0.038   
  -0.032   
   0.1     
   0.038   
  -0.032   
  -0.1     
   0.038   
  -0.032   

QFRC_SPRING
   0       
   0       
   0       
   0       
   0       
   0       
   0       
   0       
   0       
   0       
   0       
   0       
   0       
   0       
   0       
   0       
   0       
   0       

QFRC_DAMPER
   1.6e-05 
  -7.2e-06 
   4.1e-08 
   4.2e-07 
   5.1e-07 
  -1.1e-05 
   5.2e-05 
   3.7e-05 
   2.1e-05 
   1.9e-06 
   4e-05   
  -7.5e-07 
   3.7e-05 
   3.9e-05 
   1.4e-05 
  -1.2e-05 
   3.6e-05 
   5.1e-06 

QFRC_GRAVCOMP
   0       
   0       
   0       
   0       
   0       
   0       
   0       
   0       
   0       
   0       
   0       
   0       
   0       
   0       
   0       
   0       
   0       
   0       

QFRC_FLUID
   0       
   0       
   0       
   0       
   0       
   0       
   0       
   0       
   0       
   0       
   0       
   0       
   0       
   0       
   0       
   0       
   0       
   0       

QFRC_PASSIVE
   1.6e-05 
  -7.2e-06 
   4.1e-08 
   4.2e-07 
   5.1e-07 
  -1.1e-05 
   5.2e-05 
   3.7e-05 
   2.1e-05 
   1.9e-06 
   4e-05   
  -7.5e-07 
   3.7e-05 
   3.9e-05 
   1.4e-05 
  -1.2e-05 
   3.6e-05 
   5.1e-06 

EFC_VEL
  -0.00092 
   0.00092 
  -7.5e-06 
   1.1e-05 
   0.00095 
  -0.0009  
   2.5e-05 
   2.5e-05 
  -0.00094 
   0.00089 
  -2.4e-05 
  -2.6e-05 
   0.00091 
  -0.00091 
   6.3e-06 
  -1e-05   

EFC_AREF
   6.1     
   5.9     
   6       
   6       
   5.5     
   5.7     
   5.6     
   5.6     
   6.1     
   5.9     
   6       
   6       
   5.4     
   5.6     
   5.5     
   5.5     

SUBTREE_LINVEL
   0         0         0       
   0         0         0       
   0         0         0       
   0         0         0       
   0         0         0       
   0         0         0       
   0         0         0       
   0         0         0       
   0         0         0       
   0         0         0       
   0         0         0       
   0         0         0       
   0         0         0       
   0         0         0       

SUBTREE_ANGMOM
   0         0         0       
   0         0         0       
   0         0         0       
   0         0         0       
   0         0         0       
   0         0         0       
   0         0         0       
   0         0         0       
   0         0         0       
   0         0         0       
   0         0         0       
   0         0         0       
   0         0         0       
   0         0         0       

ACTUATOR_FORCE
  -2       
   0.16    
   4.8     
   2       
   0.13    
   4.4     
  -2       
   0.16    
   4.7     
   1.9     
   0.14    
   4.3     

QFRC_ACTUATOR
   0       
   0       
   0       
   0       
   0       
   0       
  -2       
   0.16    
   4.8     
   2       
   0.13    
   4.4     
  -2       
   0.16    
   4.7     
   1.9     
   0.14    
   4.3     

QFRC_SMOOTH
   1.6e-05 
  -7e-06   
  -1e+02   
  -0.36    
   0.6     
   0.0075  
  -2.1     
   0.12    
   4.8     
   2.1     
   0.093   
   4.4     
  -2.1     
   0.12    
   4.7     
   2       
   0.097   
   4.3     

QACC_SMOOTH
   0.0085  
   0.0071  
  -9.1     
   0.94    
  -14      
  -0.17    
  -87      
  -78      
   3.1e+02 
   84      
  -71      
   2.8e+02 
  -84      
  -74      
   3e+02   
   78      
  -68      
   2.8e+02 

EFC_B
  -1.1e+02 
  -42      
  -49      
  -1e+02   
  -38      
  -1e+02   
  -46      
  -94      
  -1.1e+02 
  -47      
  -53      
  -1.1e+02 
  -44      
  -1e+02   
  -50      
  -98      

EFC_FORCE
   6.7     
   6.4     
   6.5     
   6.5     
   5.9     
   6.2     
   6       
   6       
   6.6     
   6.4     
   6.5     
   6.5     
   5.9     
   6.1     
   6       
   6       

EFC_STATE
  1
  1
  1
  1
  1
  1
  1
  1
  1
  1
  1
  1
  1
  1
  1
  1

QFRC_CONSTRAINT
   0.00014 
  -0.00012 
   1e+02   
   0.36    
  -0.6     
  -0.0075  
   2.1     
  -0.12    
  -4.8     
  -2.1     
  -0.093   
  -4.4     
   2.1     
  -0.12    
  -4.7     
  -2       
  -0.097   
  -4.3     

QFRC_INVERSE
   0       
   0       
   0       
   0       
   0       
   0       
   0       
   0       
   0       
   0       
   0       
   0       
   0       
   0       
   0       
   0       
   0       
   0       

CACC
   0         0         0        -0        -0         9.8     
   0.0058    0.0027   -0.00013   7e-06     1.1e-05   9.8     
   0.00028   0.0026   -8.5e-05   9.2e-06  -8.7e-06   9.8     
   0.00029   0.0011   -4.5e-05   1.4e-05  -1.8e-05   9.8     
   0.00029  -0.00077  -8e-06    -0.0003   -2.2e-05   9.8     
   0.0001    0.0026   -8.4e-05   4.6e-06  -2e-05     9.8     
   0.0001    0.004    -8.3e-05  -2.6e-07  -2e-05     9.8     
   0.00013  -0.0037   -8.4e-05  -0.0013   -2.4e-05   9.8     
  -4.2e-05   0.0026   -8.3e-05   9.3e-06  -9.9e-06   9.8     
  -1.8e-05  -0.0035   -8.2e-06   4.8e-05   8.6e-06   9.8     
  -3.9e-05   0.0038   -7.4e-05   0.0013   -1.5e-05   9.8     
   0.00025   0.0026   -8.5e-05   4.6e-06  -1.9e-05   9.8     
   0.00027  -0.0007   -0.0001    3e-05    -2.3e-05   9.8     
   0.00026   0.00091  -9.7e-05   0.0003   -2e-05     9.8     

CFRC_INT
  -5.7e-05  -2.6e-05  -9.9e-06   1.6e-05  -7.1e-06   2.6e-07 
  -5.7e-05  -2.6e-05  -9.9e-06   1.6e-05  -7.1e-06   2.6e-07 
  -3.2       5.6      -0.05      0.0021   -0.21     -23      
  -3.3       6.1      -0.05      0.0021   -0.21     -25      
  -3.4       6.2      -0.05      0.0021   -0.21     -26      
   3.1       5.2       0.05      7.1e-05   0.21     -21      
   3.3       5.6       0.05      7e-05     0.21     -23      
   3.4       5.7       0.05      7.7e-05   0.21     -24      
  -3.1      -5.5       0.05     -0.00035  -0.21     -23      
  -3.2      -6         0.05     -0.00035  -0.21     -25      
  -3.3      -6.2       0.05     -0.00036  -0.21     -26      
   3.1      -5.1      -0.05     -0.002     0.21     -21      
   3.2      -5.5      -0.05     -0.002     0.21     -23      
   3.3      -5.7      -0.05     -0.002     0.21     -24      

CFRC_EXT
   0         0         0         0         0         0       
   0         0         0         0         0         0       
   0         0         0         0         0         0       
   0         0         0         0         0         0       
   3.4      -6.2       0.05     -0.0021    0.21      26      
   0         0         0         0         0         0       
   0         0         0         0         0         0       
  -3.4      -5.8      -0.05     -8.5e-05  -0.21      24      
   0         0         0         0         0         0       
   0         0         0         0         0         0       
   3.3       6.2      -0.05      0.00037   0.21      26      
   0         0         0         0         0         0       
   0         0         0         0         0         0       
  -3.3       5.8       0.05      0.002    -0.21      24      

DOF_ISLAND            0 0 0 0 0 0 0 0 0 0 0 0 0 0 0 0 0 0

ISLAND_NV             18

ISLAND_IDOFADR        0

MAP_IDOF2DOF          0 1 2 3 4 5 6 7 8 9 10 11 12 13 14 15 16 17

EFC_ISLAND            0 0 0 0 0 0 0 0 0 0 0 0 0 0 0 0

ISLAND_NEFC           16

ISLAND_IEFCADR        0

MAP_IEFC2EFC          0 1 2 3 4 5 6 7 8 9 10 11 12 13 14 15

